state={
	id=1
	name="STATE_1" # Avanarsuaq
	manpower = 1106180
	state_category = pastoral
	history={
		owner = GRE
		add_core_of = GRE
		add_core_of = NUN
	}
	provinces={
		21 22 23 24 25 26 27 28 29 30 31 32 33 34 35 37 38 39 40 41 42 43 44 45 46 47 48 49 50 51 52 53 54 55 56 57 58 111 112 113 114 115 116 118 119 120 121 123 128 129 132 133 134 135 141 142 143 145 147 148 149 155 156 157 160 161 162 163 164 165 166 167 168 173 174 177 179 180 185 190 191 192 197 198 199 203 204 205 206 209 210 215 216 221 222 223 228 229 231 232 233 240 244 245 254 255 261 262 264 265 266 267 270 272 279 280 284 288 289 297 298 303 304 308 309 314 315 318 319 324 325 326 333 337 343 344 345 370 375 376 380 381 389 392 403 407 408 409 416 421 427 428 433 434 435 436 439 443 447 453 454 459 461 462 467 472 478 485 489 490 497 498 499 500 503 505 510 518 521 537 538 543 544 548 549 550 555 556 560 569 578 579 585 586 589 593 594 601 602 611 616 627 638 639 640 649 650 655 657 663 665 667 671 675 676 679 691 692 706 710 711 721 724 733 737 744 745 746 752 753 756 760 762 763 772 773 777 782 788 792 808 809 810 811 815 816 836 845 855 866 867 881 927
	}
	local_supplies=0.0
}
