state={
	id=11
	name="STATE_11" # Kitaa
	manpower = 528650
	state_category = pastoral
	history={
		owner = THE
		add_core_of = GRE
		add_core_of = NUN
		victory_points = { 1600 1 }
		victory_points = { 2025 1 }
		victory_points = { 2462 2 }
	}
	provinces={
		945 946 947 948 949 950 951 956 957 958 959 965 966 1013 1019 1020 1021 1022 1034 1042 1052 1060 1061 1067 1095 1096 1103 1109 1110 1119 1127 1128 1155 1156 1172 1173 1179 1183 1191 1192 1195 1196 1213 1224 1230 1232 1237 1242 1243 1253 1264 1265 1271 1287 1294 1310 1318 1320 1321 1326 1327 1352 1367 1368 1381 1398 1399 1400 1410 1418 1437 1447 1449 1454 1471 1487 1493 1520 1538 1545 1558 1562 1574 1579 1600 1612 1621 1632 1651 1665 1675 1676 1697 1704 1725 1746 1769 1784 1804 1814 1845 1879 1880 1914 1970 1976 1990 1991 2005 2025 2026 2056 2061 2131 2159 2160 2233 2268 2314 2324 2346 2370 2382 2383 2417 2440 2462 2491 2562 2639 2659 2661
	}
	local_supplies=0.0
}
