state={
	id=12
	name="STATE_12" # Kitliniq
	manpower = 318770
	state_category = pastoral
	history={
		owner = DAN
		add_core_of = NUN
	}
	provinces={
		1181 1189 1218 1219 1221 1228 1251 1255 1269 1277 1298 1299 1316 1317 1349 1359 1372 1373 1379 1383 1403 1408 1416 1417 1421 1430 1431 1452 1464 1470 1480 1481 1496 1497 1508 1519 1526 1527 1534 1541 1542 1556 1561 1565 1593 1604 1605 1636 1639 1661 1662 1668 1674 1689 1690 1693 1731 1773 1782 1783 1792 1793 1811 1843 1844 1853 1854 1865 1866 1891 1922 1941 2073 2125 2158 2244
	}
	local_supplies=0.0
}
