state={
	id=13
	name="STATE_13" # Aivilik
	manpower = 313740
	state_category = pastoral
	history={
		owner = DAN
		add_core_of = NUN
	}
	provinces={
		1231 1235 1236 1240 1241 1249 1252 1270 1285 1300 1301 1302 1350 1380 1384 1396 1425 1432 1433 1453 1502 1535 1557 1585 1611 1732 1794 1803 1871 1933 1934 1951 1956 2013 2048 2074 2091 2118 2170 2189 2190 2191 2297 2304 2305 2322 2323 2381 2439 2451 2471 2504 2561 2629 2638 2650 2651 2652 2695 2800 2812 2830 2848 2877 2938 2992 3039 3049 3198 3580
	}
	local_supplies=0.0
}
