state={
	id=14
	name="STATE_14" # Olenekskiy rayon
	manpower = 604740
	state_category = pastoral
	history={
		owner = SWE
		add_core_of = SEL
		victory_points = { 2070 2 }
		victory_points = { 2644 5 }
		victory_points = { 2825 5 }
	}
	provinces={
		1315 1324 1337 1338 1356 1370 1371 1401 1412 1413 1428 1443 1444 1445 1451 1458 1459 1491 1500 1524 1570 1582 1592 1616 1617 1628 1629 1644 1659 1672 1673 1683 1721 1728 1729 1734 1735 1743 1751 1766 1776 1777 1786 1801 1816 1817 1831 1848 1849 1858 1874 1896 1902 1906 1907 1962 1963 1973 1974 1986 2008 2018 2029 2030 2039 2065 2070 2077 2078 2089 2120 2137 2154 2176 2205 2210 2211 2219 2220 2238 2239 2262 2276 2318 2365 2372 2373 2395 2396 2407 2408 2445 2468 2509 2527 2528 2537 2538 2539 2573 2574 2622 2623 2631 2644 2645 2654 2669 2679 2755 2780 2781 2805 2825 2826 2860 2872 2873 2942 2958 2959 2987 3000 3085 3126 3192 3193 3203 3263 3287
	}
	local_supplies=0.0
}
