state={
	id=18
	name="STATE_18" # Ilimpiyskiy rayon
	manpower = 1328806
	state_category = rural
	history={
		owner = SWE
		add_core_of = SEL
		victory_points = { 2006 5 }
		victory_points = { 2209 5 }
		victory_points = { 2599 2 }
		victory_points = { 3101 2 }
	}
	provinces={
		1505 1506 1510 1511 1523 1610 1625 1626 1627 1643 1682 1686 1699 1709 1742 1750 1765 1775 1808 1826 1838 1846 1847 1868 1886 1901 1905 1912 1918 1919 1972 1978 1997 2006 2007 2016 2017 2028 2051 2076 2101 2102 2103 2127 2128 2129 2153 2175 2195 2196 2197 2204 2209 2237 2260 2261 2275 2289 2328 2351 2352 2387 2405 2406 2421 2422 2444 2467 2475 2484 2497 2508 2526 2546 2551 2567 2578 2599 2612 2613 2643 2685 2730 2758 2759 2760 2772 2773 2793 2816 2817 2909 2919 2941 2948 2985 3012 3076 3101 3137 3188
	}
	local_supplies=0.0
}
