state={
	id=2040
	name="STATE_2040" # Australia
	manpower = 360650
	state_category = rural
	history={
		owner = AUS
		add_core_of = AUS
		victory_points = { 18148 1 }
	}
	provinces={
		17779 17868 17895 17909 17911 17920 17921 17933 17936 17948 17949 17969 17970 17977 17989 18006 18007 18010 18015 18023 18027 18030 18031 18053 18057 18058 18064 18066 18070 18071 18074 18081 18086 18091 18101 18113 18114 18118 18121 18122 18123 18125 18135 18140 18148 18149 18150 18155 18163 18175 18178 18182 18199 18203 18206 18213 18218 18230 18232 18236 18237 18242 18247 18249 18254 18267 18271 18272 18279 18289 18291 18300 18301 18311 18313 18327 18346 18353 18357 18358 18359 18365 18369 18374 18375 18376 18384 18392 18393 18394 18398 18407 18412 18428 18578 18660 18662 18684 18687 18693 18694 18708 18714 18715
	}
	local_supplies=0.0
}
