state={
	id=29
	name="STATE_29" # Yuka
	manpower = 419625
	state_category = rural
	history={
		owner = JAA
		add_core_of = YUK
		victory_points = { 3080 5 }
		victory_points = { 3269 1 }
	}
	provinces={
		1903 1954 2034 2082 2083 2099 2109 2124 2179 2200 2222 2224 2225 2226 2242 2255 2357 2358 2376 2377 2427 2428 2449 2458 2459 2478 2479 2541 2570 2580 2603 2604 2617 2656 2672 2681 2689 2690 2691 2723 2734 2762 2763 2785 2796 2821 2838 2839 2840 2895 2912 2913 2923 2924 2934 2935 2965 2979 2980 3003 3017 3018 3019 3024 3035 3069 3078 3079 3080 3118 3119 3120 3140 3157 3163 3177 3204 3224 3256 3267 3268 3269 3313 3325 3356 3376 3420 3460 3461 3493 3517 3546 3648 3649 3650 3662 3696 3706 3825 3859 3903 3936
	}
	local_supplies=0.0
}
