state={
	id=3
	name="STATE_3" # Tunu
	manpower = 1026560
	state_category = pastoral
	history={
		owner = DAN
		add_core_of = GRE
		add_core_of = NUN
		victory_points = { 2890 1 }
	}
	provinces={
		60 61 62 63 64 137 159 175 211 224 256 268 310 327 338 353 354 355 356 357 358 359 360 361 362 371 385 393 394 398 399 411 412 413 417 422 423 429 437 444 445 463 464 468 479 486 491 492 506 511 522 528 539 540 545 561 565 570 580 581 595 596 603 607 621 631 641 642 651 652 664 666 668 677 680 693 694 695 696 700 701 702 703 712 715 722 728 750 757 774 789 790 794 796 803 804 817 829 840 875 876 882 886 887 888 892 897 898 907 910 911 928 933 934 960 969 974 980 981 983 995 996 1001 1005 1035 1045 1046 1053 1062 1068 1073 1078 1084 1089 1104 1120 1129 1135 1141 1149 1157 1166 1174 1175 1184 1193 1197 1207 1208 1220 1225 1226 1247 1254 1256 1257 1258 1272 1279 1280 1281 1304 1311 1322 1334 1342 1355 1362 1393 1394 1411 1423 1438 1439 1455 1465 1472 1473 1477 1482 1488 1509 1513 1514 1521 1529 1530 1546 1552 1567 1573 1575 1576 1607 1608 1622 1633 1641 1685 1705 1706 1726 1747 1754 1760 1770 1795 1796 1805 1806 1828 1881 1892 1893 1899 1909 1915 1923 1935 1946 1958 2003 2036 2037 2044 2049 2057 2062 2087 2119 2161 2162 2171 2172 2214 2215 2269 2306 2347 2362 2384 2492 2542 2563 2822 2890 2939 2983 3007 3186 3452
	}
	local_supplies=0.0
}
