state={
	id=31
	name="STATE_31" # Chukcha
	manpower = 599166
	state_category = rural
	history={
		owner = JAA
		add_core_of = CHU
		victory_points = { 1920 2 }
	}
	provinces={
		1920 1932 1948 1981 1982 1999 2011 2021 2046 2059 2097 2107 2108 2122 2138 2157 2213 2254 2281 2293 2302 2303 2311 2320 2414 2426 2435 2448 2477 2488 2500 2520 2530 2557 2569 2601 2602 2626 2649 2663 2680 2700 2701 2714 2783 2784 2820 2828 2837 2856 2883 2884 2885 2886 2887 2910 2911 2922 3002 3015 3087 3094 3104 3128 3176 3223 3265 3266 3375 3381 3395 3419 3506 3621 3628 3718 3786 3787 3891
	}
	local_supplies=0.0
}
