state={
	id=35
	name="STATE_35" # Qulalliq
	manpower = 290790
	state_category = pastoral
	history={
		owner = NUN
		add_core_of = NUN
		victory_points = { 2042 1 }
	}
	provinces={
		1942 1985 2042 2047 2113 2169 2188 2201 2245 2246 2295 2296 2312 2333 2344 2361 2367 2379 2380 2388 2389 2390 2391 2392 2393 2399 2400 2401 2411 2416 2431 2432 2438 2450 2461 2490 2513 2514 2515 2521 2522 2523 2534 2535 2549 2550 2560 2575 2582 2583 2592 2593 2594 2595 2628 2635 2636 2637 2658 2674 2675 2694 2757 2764 2811 2844 2845 2846 2847 2857 2889 2903 2928 2937 2981 2991 3038 3071 3081 3089 3096 3131 3154 3165 3166 3272 3273 3297 3298 3407 3408 3424 3652
	}
	local_supplies=0.0
}
