state={
	id=4
	name="STATE_4" # Iceland
	manpower = 319260
	state_category = pastoral
	history={
		owner = DAN
		add_core_of = ICE
		victory_points = { 632 2 }
	}
	provinces={
		78 80 82 117 122 126 130 138 150 171 172 176 181 182 186 187 193 207 212 218 219 226 236 242 246 247 257 275 276 281 286 290 291 295 296 299 300 305 312 320 329 339 340 341 366 369 373 377 378 382 383 390 395 400 401 402 414 430 455 456 457 469 470 473 474 481 487 493 534 541 551 552 562 563 571 572 597 604 608 609 623 632 643 653 656 658 659 669 672 673 681 686 704 717 718 729 734 754 755 758 764 766 779 795 823 856 857 869 899 916 930 952 961 990 997 1023 1063 1064 1085 1105 1121 1144 1151 1152
	}
	local_supplies=0.0
}
