state={
	id=58
	name="STATE_58" # Grenland
	manpower = 345539
	state_category = rural
	history={
		owner = DAN
		add_core_of = GRE
		victory_points = { 3110 5 }
	}
	provinces={
		2660 2665 2718 2726 2727 2744 2745 2746 2747 2748 2749 2750 2858 2859 2867 2868 2896 2954 2982 2993 3027 3028 3051 3072 3073 3110 3160 3167 3185 3250 3258 3274 3275 3283 3320 3321 3343 3358 3359 3425 3450 3451 3467 3509 3540 3624 3634 3645 3675 3702 3814 3839 3844 3861 3972 3990 4002 4069 4077 4086 4124 4125 4169 4336 4520
	}
	local_supplies=0.0
}
