state={
	id=6
	name="STATE_6" # Absaroka Range
	manpower = 720460
	state_category = pastoral
	history={
		owner = NUN
		add_core_of = NUN
		victory_points = { 1740 1 }
	}
	provinces={
		239 293 307 332 336 352 365 374 405 406 419 426 432 446 466 477 484 488 502 520 527 531 532 533 535 536 547 575 576 577 583 584 588 592 599 600 606 630 637 670 683 684 685 699 708 714 720 727 732 741 742 761 769 770 776 781 785 786 787 791 793 801 807 822 826 827 828 834 835 839 843 844 847 860 861 862 873 874 879 880 896 904 905 909 914 920 925 926 932 938 939 944 953 954 964 968 978 987 988 992 993 994 1003 1004 1010 1012 1018 1030 1031 1032 1040 1050 1051 1058 1059 1065 1066 1072 1081 1082 1083 1093 1115 1117 1140 1148 1158 1159 1160 1177 1178 1286 1292 1293 1303 1307 1308 1309 1325 1333 1341 1348 1351 1392 1409 1426 1434 1435 1436 1467 1492 1498 1528 1536 1537 1543 1544 1551 1572 1587 1588 1589 1594 1597 1598 1599 1620 1637 1638 1640 1650 1657 1663 1680 1691 1703 1711 1715 1716 1724 1740 1813 1821 1827 1855 1856 1857 1943 1944 1957 2000 2001 2043 2139 2140 2230 2231 2247 2256 2284 2368 2402
	}
	local_supplies=0.0
}
