state={
	id=65
	name="STATE_65" # Fort Smith
	manpower = 513048
	state_category = rural
	history={
		owner = ATH
		add_core_of = ATH
		victory_points = { 2916 1 }
		victory_points = { 3088 1 }
		victory_points = { 3347 1 }
		victory_points = { 3553 5 }
		victory_points = { 3853 2 }
		victory_points = { 3868 1 }
		victory_points = { 4012 2 }
	}
	provinces={
		2716 2717 2724 2737 2738 2739 2740 2741 2742 2743 2776 2787 2788 2798 2799 2808 2809 2810 2842 2843 2865 2866 2876 2888 2916 2926 2927 2936 2953 2966 2967 2968 2969 2990 3025 3026 3037 3048 3063 3064 3065 3070 3088 3105 3106 3130 3153 3158 3178 3179 3180 3197 3225 3233 3243 3244 3245 3246 3247 3248 3249 3257 3271 3281 3282 3314 3315 3326 3327 3338 3339 3340 3347 3348 3349 3357 3377 3405 3406 3449 3463 3474 3484 3495 3507 3518 3519 3520 3537 3547 3553 3558 3579 3587 3588 3589 3599 3612 3623 3631 3632 3651 3664 3665 3672 3673 3689 3690 3697 3698 3720 3721 3722 3745 3765 3766 3773 3774 3788 3793 3799 3806 3828 3835 3836 3837 3852 3853 3868 3880 3881 3882 3893 3894 3928 3932 3937 3938 3948 3955 3956 3963 3969 3970 3998 3999 4000 4012 4013 4033 4057 4065 4066 4067 4076 4084 4099 4100 4106 4153 4154
	}
	local_supplies=0.0
}
